0.020621187141360
0.041771121442871
0.035937085478137
0.022413497267214
0.009522181660811
-0.000139056303177
-0.006642692017816
-0.010932763542244
-0.013601408385530
-0.014950634046460
-0.015834014102411
-0.016672599025028
-0.016883663483904
-0.016455199112169
-0.015569486261138
-0.014788923396983
-0.014639155798480
-0.014007359033307
-0.011925399664570
-0.010333391364285
-0.009368925724056
-0.007790399447952
-0.006466417405503
-0.004508408481200
-0.002172281044522
-0.000390262511460
0.001055681079151
0.002336337111267
0.003925213735843
0.005890820069161
0.007778051681925
0.008721066394101
0.009073729210752
0.009494572372950
0.010183882274226
0.011130410294844
0.011150671394932
0.010487113742321
0.010524781150308
0.011154161242818
0.011061481139394
0.010017882701176
0.008960392488690
0.008206305154963
0.007773311043919
0.007205523919056
0.006389806216435
0.005728823888443
0.004575582422912
0.003593717966612
0.002955161960618
0.001880854008686
0.000973820087625
0.000018659193579
-0.000674352179101
-0.001446118416636
-0.002387662563210
-0.003479957317588
-0.004672728200915
-0.005183368433126
-0.005685488551737
-0.006406758468530
-0.006991184236093
-0.007359619778478
-0.007548524515089
-0.007622384153555
-0.008004534565737
-0.008010160505792
-0.008256541141188
-0.008879901054856
-0.008711169072978
-0.007958526734030
-0.007598193538759
-0.007473974350002
-0.006728341797886
-0.006360439183542
-0.005857716056242
-0.004351568690313
-0.002948717329105
-0.001989048423795
-0.001088821302899
0.000265829594572
0.001746050216829
0.002468794868108
0.002727779785372
0.003124553179865
0.004188340497902
0.005165229324835
0.005460234608195
0.005073085521187
0.004938934419920
0.005664970086506
0.006467071999909
0.006692684909538
0.006291590841920
0.005797827333706
0.005785183404153
0.005568795263716
0.005347329298889
0.005556944515633
0.005113077933318
0.004211785058295
0.003420121188114
0.002895717979636
0.002613418664995
0.001757757146997
0.000959674844610
0.000781588311398
0.000862642970945
0.001006717308906
0.000393358945291
-0.000662803541849
-0.001191069652270
-0.001757241748698
-0.002539425547270
-0.002797706254633
-0.003173874651261
-0.003479875048473
-0.003305014705061
-0.004125136422227
-0.005038979186032
-0.004981419173212
-0.004615886443901
-0.004253878119515
-0.004366766691300
-0.004605528854513
-0.004816819141197
-0.005325642381757
-0.005049179353402
-0.004222463142797
-0.004189151050937
-0.003694246442911
-0.002820931506338
-0.002443776300666
-0.001974086941737
-0.001610283925629
-0.001387854532519
-0.000540948698369
0.000268015940533
0.000828645438551
0.001142945126199
0.001283341259228
0.001692969703108
0.002441543405512
0.003085366988332
0.003138361133788
0.003714935129183
0.003930320200844
0.003593952481215
0.003539383382896
0.003594915542022
0.004039343696268
0.004116052197641
0.003679221169898
0.003197962755953
0.002842042842783
0.002631703061128
0.002531302695835
0.002496901703842
0.002494585311310
0.002503669565523
0.001777387487269
0.001385104076178
0.001218748577170
0.000439848810612
0.000051334660120
-0.000093499406882
-0.000482946720967
-0.000840722240958
-0.001083689871210
-0.001585766415941
-0.001659942510591
-0.001937729651118
-0.002202664570247
-0.002386127449819
-0.002857177152459
-0.002918884688961
-0.002825773733940
-0.002708030178401
-0.002616350642237
-0.002928356219345
-0.003652692167918
-0.003567339772433
-0.003236171716333
-0.003287562402342
-0.003083606706294
-0.002485435346272
-0.001929725006958
-0.001550087808709
-0.000971634514657
-0.000495220444336
-0.000191697505193
-0.000402653966085
-0.000355883610641
0.000499951940385
0.001008687427569
0.000884927053284
0.001322306034959
0.001819865405971
0.001824338373651
0.002030935243923
0.002244920466521
0.002399041719959
0.002119989264669
0.002145680481489
0.002265763656435
0.002750687496831
0.002848053594269
0.002050965068632
0.001923583575440
0.001688925709451
0.001855026851108
0.002106716466457
0.001577169798189
0.000940712784775
0.000453915570986
0.000527219319298
0.000766411437358
0.000991383373433
0.000777801514982
0.000111561855677
-0.000143660030987
-0.000555398203383
-0.000899520440480
-0.001120795862740
-0.001604811727006
-0.001667402237064
-0.001570877635630
-0.001817544131532
-0.002107085461018
-0.001958350795381
-0.001706426872674
-0.001493392220014
-0.001723680907360
-0.002035089492647
-0.001546371813500
-0.001669066709510
-0.001960415806186
-0.001855010347574
-0.002015940113932
-0.001850761242348
-0.001256415195681
-0.000691731565779
-0.000669722085901
-0.000467274273155
0.000104786689126
0.000265502306275
0.000610154377980
0.000915899257956
0.000751308317489
0.000477429453207
0.000615062211868
0.001218436546192
0.001433479682962
0.001087795971937
0.000655358940716
0.000688154844459
0.001235190334310
0.001794784679603
0.001827301954777
0.001674145083151
0.001871797603666
0.001760883862036
0.001579125591909
0.001426630179993
0.001328339255068
0.001276801036574
0.000887639668178
0.000130707924672
-0.000528675238349
-0.000595103932816
-0.000075691607037
0.000488262561312
0.000534561555680
0.000026055865618
-0.000519793322935
-0.000182589248987
-0.000384939341547
-0.001076983472717
-0.000626342877455
-0.000293240046256
-0.000464728607022
-0.000754947452371
-0.001000317082206
-0.001159217446124
-0.001611189121146
-0.001661209523827
-0.001562286672863
-0.001442388318691
-0.001350404244367
-0.000926281211936
-0.000514671165158
-0.000595411878820
-0.000448960019097
-0.000269219108828
-0.000498973858834
-0.000430429786683
-0.000282131306502
-0.000518635937704
-0.000446620787262
-0.000292445487139
-0.000523980976615
-0.000448747632259
0.000075388722747
0.000228646771289
0.000581541795151
0.000898377139411
0.001110863596997
0.001226568916673
0.000907949679614
0.000536949526994
0.000256510778759
0.000824569840793
0.001510806116028
0.001300117081241
0.000850959631146
0.000452921755026
0.000556187248511
0.000428691557491
0.000261191897286
0.000865642886621
0.000815549079483
0.000561233272903
0.000680993909077
0.000522656364036
0.000317474323885
0.000156401697315
0.000056995303825
0.000007161014477
-0.000379850254680
-0.000398577742771
0.000079533017140
-0.000152068186425
-0.000553460668782
-0.000894688745528
-0.001116404122722
-0.001233580715080
-0.000913410787602
-0.000172035755707
0.000125919933092
0.000188846043348
-0.000213394273131
-0.000653967121877
-0.000979015665321
-0.001170757792796
-0.000893815440970
-0.000540865174800
-0.000633585538110
-0.000848284151024
-0.000672952724128
-0.000050042636867
0.000541039288134
0.000212767568318
-0.000327218522978
-0.000412417117555
-0.000320761901378
0.000171582041972
0.001022722098828
0.001377604935157
0.001094945949730
0.000313229633035
-0.000775873249160
-0.000545682802487
0.000058492926911
-0.000124835779071
-0.000149757903038
0.000253800770786
0.000683043933625
0.000995834887808
0.001178579863683
0.000896351194827
0.000540895047776
0.000632768993110
0.000479156845342
0.000288225915295
0.000508703158965
0.000434223471318
0.000282835614542
0.000149836639506
-0.000306537993647
-0.000369809515961
0.000085029988840
0.000212313599545
0.000193017559057
-0.000237924784942
-0.000312681320687
0.000121677300840
0.000231438790282
-0.000167551726117
-0.000620392100642
-0.000591056418929
-0.000409074765698
-0.000229074819775
-0.000102171342853
-0.000029984998344
-0.000365384136068
-0.000371071668972
-0.000264879834051
-0.000152220407977
0.000298049105713
-0.000006513163065
-0.000106431045116
-0.000108830229644
-0.000446195693847
-0.000797265825622
-0.001050650698382
-0.001197568375617
-0.000897831287299
-0.000167825261974
0.000125103251105
0.000186586675981
0.000521053548914
0.000849348588447
0.000343416713638
-0.000294019263504
-0.000053200636493
0.000411068038637
0.000446528937078
0.000328309636056
0.000193152326741
0.000091703965458
0.000031076413143
0.000001756063255
-0.000008557270938
-0.000009512285535
0.000361205044572
0.000379916818543
0.000275502395340
0.000896874131321
0.001211604930916
0.000963878920845
0.000600286186036
0.000303873768797
0.000116264668864
0.000387944711426
0.000365759055216
0.000251796777561
0.000140350786837
-0.000306055454778
-0.000366135107373
-0.000279564578458
-0.000169186888937
-0.000083003486583
-0.000030013459534
-0.000003555972729
0.000006324619965
-0.000360480322403
-0.000746360959431
-0.000657945908907
-0.000436729114253
-0.000972088474238
-0.001236155398446
-0.000596075240931
-0.000208459726591
-0.000018155541791
0.000050751856511
-0.000309262078748
-0.000339526693766
0.000117525634038
-0.000132182652683
-0.000177155326207
-0.000140584344442
-0.000455672108413
-0.000428268662727
0.000073912633328
0.000220261090511
-0.000163242338629
-0.000243895041748
0.000168455047971
0.000625498390200
0.000227814635732
0.000396772215935
0.001074206313916
0.000619490570917
0.000287021494724
0.000460533383850
0.000384385033669
0.000246957279896
0.000129076526176
0.000052068998132
0.000011157682351
-0.000005769203383
-0.000009747292339
0.000360027881492
0.001115298925646
0.001042899458666
0.000346634041835
0.000012898016602
-0.000102427128870
-0.000111143302361
-0.000449946737892
-0.000800404904352
-0.001052670783473
-0.000830360267637
-0.000514157916230
-0.000258677269157
-0.000097917400335
-0.000383917700181
-0.000367692374356
-0.000255159459283
-0.000511477417996
-0.000448171139731
-0.000296455597903
-0.000527645239312
-0.000451228878223
-0.000294239916485
-0.000156046418904
-0.000064392010836
-0.000383260212172
-0.000746479814784
-0.001018720220601
-0.001181242650715
-0.001259743577659
-0.001287288796075
-0.001658041261715
-0.002403793379573
-0.002689404626524
-0.003106257886804
-0.003077290334711
-0.002907723132965
-0.002740548394210
-0.002622871457231
-0.002187755264418
-0.001773268475346
-0.001854683760312
-0.001341631510697
-0.000779300884585
0.000003962254115
0.000632918579469
0.000658809496835
0.000843819286793
0.001396394826754
0.001542616679440
0.002246931394203
0.003300915339059
0.003796502521687
0.004329318783114
0.004351105685919
0.003827443286639
0.004010511368004
0.004744777379656
0.004712885844789
0.004065892183517
0.003770004797626
0.003677684235106
0.003312043378790
0.002961542729703
0.002718204290971
0.002581574666364
0.002520418007967
0.002134041234054
0.001751494929766
0.001481664889912
0.001328117387868
0.000889905862848
-0.000252349153234
-0.000560695696773
-0.000132179627098
-0.000318688442342
-0.000656470058735
-0.001314692050406
-0.001888297193359
-0.001898258082933
-0.002085156754180
-0.002276762142906
-0.002414126337550
-0.003229874836532
-0.003666514007991
-0.003480958277903
-0.003877986501823
-0.003617586894519
-0.003213263568845
-0.003615137254309
-0.003801191133311
-0.003860898956059
-0.003492710740724
-0.002352198781565
-0.001653995791259
-0.001307043220316
-0.001178580948482
-0.001897112368846
-0.001952954252340
-0.001034460957575
-0.000057804509483
0.000653795857437
0.000701233126827
0.000512822196139
0.000668716978985
0.001630832337044
0.002582203029593
0.003252847497723
0.003266020792753
0.002687298431063
0.002815818500713
0.002775066156160
0.002321331538797
0.002598241167092
0.002670475729278
0.002284979826189
0.002227025247838
0.002295449903021
0.002386191033919
0.002457959671219
0.001765948274442
0.001020188132155
0.000841965376402
0.000905386657718
0.001031114921379
0.000772782103323
0.000461310015549
-0.000145460373634
-0.000674196770608
-0.000654559828839
-0.000457321921064
-0.000258167412889
-0.000484651556142
-0.001155717532348
-0.001411660033731
-0.001454270706828
-0.001781417723366
-0.002108387313599
-0.001971785685873
-0.001720004254140
-0.001871327807701
-0.002113328806694
-0.002315148384688
-0.002076479607862
-0.001760079788710
-0.001878127412137
-0.002107023542914
-0.002306298886802
-0.002069357431249
-0.001387344082935
-0.001123479351945
-0.001444531162574
-0.001131066855210
-0.000696795962335
-0.000348642539019
0.000605836047433
0.000748438198266
0.000578090050135
0.001089276358031
0.001311125400377
0.001371624368814
0.001728826320747
0.001712897488756
0.001945136767167
0.002192687343085
0.002004979340284
0.001726443735833
0.001130416223017
0.000970139642428
0.001002223166408
0.001089266742811
0.001169327670932
0.001223732551370
0.001253712473397
0.000898528317830
0.000518048955640
0.000608212706793
0.000829447750024
0.000661788495395
0.000412961017864
0.000209482447621
0.000080437324597
-0.000354399515395
-0.000396528892170
-0.000295103876537
-0.000175233734575
0.000284150103474
-0.000013316467318
-0.000477146117715
-0.000493211705752
-0.000723175524658
-0.001325922724406
-0.001509445486373
-0.001499361338228
-0.001427491912388
-0.001355903231961
-0.001673527850045
-0.001660476759863
-0.001540682562977
-0.001420100195073
-0.000966114322658
-0.000532917743320
-0.000232861188218
-0.000064719817719
0.000010342725340
0.000032423297593
-0.000337905736402
-0.001099806116873
-0.001034135892220
-0.000342672888004
-0.000011696193419
0.000470622079434
0.000494768866310
-0.000009550696304
0.000192903054458
0.000940922008995
0.001285159826987
0.001025871471940
0.001008620677782
0.001077308196568
0.000786450556438
0.000828389462962
0.000969365451563
0.000734117568512
0.000441625753500
0.000215200157747
0.000445083937846
0.001128812459859
0.001396825497922
0.001447792651712
0.001043088971780
0.000603944714099
0.000649475356250
0.000475504078645
0.000278831142433
-0.000236405794644
-0.000708050157440
-0.000659465857060
-0.000819387383992
-0.000634161605488
-0.000387509352056
-0.000560437692190
-0.000454992136562
-0.000287202477935
-0.000515713975944
-0.000810143551246
-0.001040842204502
-0.000814767430114
-0.000501848880644
-0.000619317293335
-0.000478179856149
-0.000291703818802
-0.000880922882520
-0.001557817305264
-0.001330310929764
-0.000866735974594
-0.000459282677681
-0.000557547659225
-0.000796249672134
-0.000644100225556
-0.000405610269861
0.000160536856649
0.000671301117410
0.001014765256991
0.000833984199492
0.000162343831947
-0.000109476301169
-0.000168455325139
-0.000139100976639
0.000279497959269
0.000706283490719
0.000643217513036
0.000434765295149
0.000974963913654
0.001239810986483
0.000598926759857
0.000578477460460
0.000771396438150
0.000611181469959
0.000747850106604
0.000943955358491
0.000734539148268
0.000450560055300
0.000224377700412
0.000083403715043
-0.000356285053168
-0.000399487172393
0.000070706635178
0.000207295582222
0.000192572064117
0.000131553749738
0.000072833719942
0.000031987151362
-0.000359251376416
-0.000385392490303
0.000086399030461
0.000218950898279
-0.000168783071689
-0.000617501691776
-0.000587630083657
-0.000774733024404
-0.000979867470197
-0.000763008521357
-0.000468248192489
-0.000233309116076
-0.000086806037318
-0.000012543459419
0.000015936430102
-0.000347450687631
-0.000735984278492
-0.000651478837592
-0.000065187220599
0.000149799104323
-0.000190233109056
-0.000616756636030
-0.000579682243023
0.000338104489373
0.000546430756259
0.000088633285270
-0.000090227285281
-0.000492002828524
-0.000114730305971
0.000781344161869
0.000485030639405
0.000244683603587
0.000093059255788
0.000015263075108
0.000721341003548
0.000747256220692
0.000538243940696
0.000311580675568
0.000145043695243
0.000783650479717
0.001137125005735
0.000924047025613
0.000583640158297
0.000299827764441
0.000117609453393
-0.000345831424474
-0.000400019015995
0.000066657274229
0.000203249894068
0.000189706112738
0.000129917035999
-0.000296180947652
-0.000352347993535
0.000099779996253
0.000221860470331
-0.000170221644903
-0.000251709130865
0.000162638135109
0.000253777937367
0.000210320460107
-0.000233739387281
-0.001050631636168
-0.001017669719356
-0.000341937698606
-0.000016434032466
0.000097169076782
0.000106841244137
-0.000289313867444
-0.000705737054369
-0.000639366121821
-0.000062665305073
0.000148380181334
-0.000192556122094
-0.000250439529963
-0.000565102580846
-0.000505680056956
0.000029755156082
0.000200083470834
-0.000169525751309
-0.000611968925625
-0.000581611130765
-0.000402039197551
0.000143371380679
0.000652203716500
0.000632319423749
0.000441477456544
0.000249076603816
0.000112200984058
0.000402024980427
0.000381803265615
0.000632089517790
0.001268163860781
0.000374856055576
-0.000401237975403
0.000192725737696
0.000335146799594
-0.000083135764845
-0.000198750177838
0.000188761513413
0.000631586105652
0.000595641334261
0.000410114676514
-0.000139638953149
-0.000282744764493
-0.000248221487329
-0.000532639099224
-0.000104296474566
0.000069280027898
-0.000261140282165
-0.000295529627625
-0.000220938205285
-0.000131642993597
-0.000063444000295
-0.000022163839548
-0.000001907555350
0.000005419791331
0.000006290538112
0.000004749195008
0.000002850483503
-0.000366880264308
-0.000751874695019
-0.000661557234546
-0.000438652485087
-0.000236355958437
-0.000099877738885
-0.000393424347462
-0.000376952466294
-0.000261639662988
-0.000515140621725
-0.000081559866412
0.000455410231886
0.000133992672488
-0.000749020608535
-0.000826022245115
-0.000242877949511
0.000022817535202
0.000473258450447
0.000854246324509
0.000364502953768
0.000094602034497
0.000345082247246
0.000328295323745
0.000227051027412
0.000127065094863
0.000056625735478
0.000384848443601
0.000750732606016
0.001022624936089
0.000815627898150
0.000140570718925
-0.000126049146512
-0.000178462051149
-0.000143997689669
0.000277735936084
0.000706082671703
0.000643597103153
0.000066962678728
-0.000145312437671
-0.000173946495989
-0.000132848247404
-0.000080410408433
-0.000407722549599
-0.001134904745113
-0.001047404000822
-0.000344778053856
-0.000377722015407
-0.000278704758666
-0.000164416593538
0.000289950156473
-0.000010883182290
-0.000476547159148
-0.000125134776441
0.000397059806185
0.000455965933616
-0.000393695949867
-0.000563054287319
-0.000823918728344
-0.001039383848122
-0.000440375659996
0.000256419869762
0.000414663507298
-0.000021492787060
-0.000161038987393
0.000207487037573
0.000638509976385
0.000596602988709
0.000408803032118
0.000226937183373
0.000100032628622
0.000028468931251
-0.000003747812454
-0.000013426132106
-0.000012750562084
0.000359455182420
0.000747439930879
0.000659413980424
0.000069633949979
-0.000147813883828
0.000190817152400
0.000248436471317
0.000195329065536
0.000120675902993
0.000060566460213
-0.000345436799079
-0.000380537949088
0.000086844103743
-0.000518739088836
-0.000938342516248
-0.000437011104338
-0.000142114678643
0.000366132865066
0.000797651178044
0.000709551961909
0.000473407907451
-0.000111704436105
-0.000274767990319
0.000119025441798
-0.000152267187752
-0.000566870544728
-0.000172077394576
0.000010028100560
-0.000300280880820
-0.000316545352712
-0.000229772904421
-0.000133832027899
-0.000431039385861
