0.059901531123794
0.223495752831200
0.414809734551628
0.558797735862387
0.652054812188021
0.714806764973697
0.761624596943864
0.798810297558090
0.829146056458907
0.854227552029098
0.874803849940653
0.892371166493107
0.908722541791583
0.924670241819823
0.940530821259076
0.957409916228696
0.977678325464455
1.001852075616728
1.026866159943223
1.053196570341781
1.082249523636984
1.112459555237048
1.143876373914362
1.174226121759725
1.201789986411125
1.227156181569597
1.250285759163040
1.270957806132151
1.288325741690685
1.302029343610734
1.312717905844901
1.321575806476169
1.328930763285491
1.334999904617981
1.340735667038759
1.347472185784405
1.355591104108492
1.364676124931666
1.375930454822476
1.391563292923389
1.411431179696676
1.433852482787622
1.458513806640531
1.486060311156176
1.517338113268360
1.552000417704484
1.589224253685372
1.629148783271495
1.669887499827617
1.711414241670889
1.754073999372577
1.796009054574402
1.837194613531961
1.876844919200564
1.915109128851333
1.951260742586847
1.984480852604202
2.014221960731669
2.040002152250965
2.062966410627541
2.082735577723330
2.099094368047631
2.112546217030190
2.123490034639547
2.132264950541683
2.139203339298608
2.144629227492099
2.149102985676973
2.153121163200255
2.157366241110277
2.162241861183032
2.167265779029524
2.172918578284647
2.179783016690981
2.187448349320988
2.196373654925039
2.206459396757861
2.216124615560154
2.225152394104016
2.233905480757320
2.242224197282903
2.249378069187006
2.255132929356158
2.260161296261209
2.264597090308778
2.268251775183543
2.270953647236142
2.273131568034961
2.275135826390611
2.276864729857577
2.278337090537214
2.280105396425378
2.282932534658491
2.286897213894273
2.291609048131315
2.296941006762039
2.303578143423383
2.311462626064799
2.320769651997661
2.332250668469122
2.345067640339977
2.358344686004309
2.372024230341760
2.386334358847244
2.401512631930604
2.416364342009270
2.430782963286365
2.445544544486947
2.460871861283791
2.476833603717899
2.492117759442614
2.505979674535159
2.519076534087702
2.531056402702569
2.541484376937260
2.550980034364263
2.559217544116426
2.566287001894197
2.572627586132198
2.577500784559013
2.581217587089643
2.584456245607998
2.587028762251053
2.588999265275300
2.590455949447084
2.591712808389324
2.592986083545347
2.594638883742237
2.596529501817697
2.598312998583790
2.600374055730186
2.602598359911457
2.604665893405387
2.606833029367873
2.609037315130372
2.611314144134332
2.613716314783654
2.615778495985397
2.617483344822389
2.618947830304049
2.620224997632375
2.621355767490028
2.622228020114045
2.622876201988376
2.623446583837381
2.624034146638309
2.624770167126888
2.625724152928867
2.626802109107464
2.628050706766375
2.629693991412731
2.632132595949916
2.635314826157746
2.638863888524350
2.642669752563836
2.646808813227977
2.651399945229213
2.656550308927430
2.662345507047698
2.668853087604259
2.676128367841379
2.683241576200529
2.690517212055091
2.698073523012537
2.705067649257076
2.711892301646263
2.718653814507893
2.724988504927876
2.730889092152568
2.736406227550803
2.741229636728226
2.745720311009186
2.749639583731232
2.752998496512171
2.755898689809552
2.758166422715683
2.760097836414105
2.761685839255246
2.762953826575505
2.763945560406857
2.764692283602994
2.765382618720126
2.766118732269272
2.766799677819290
2.767498817028088
2.768281862918827
2.768986112519193
2.769586270979941
2.770141874142191
2.770595048916975
2.770961636853102
2.771284153990579
2.771697819426330
2.772117830430651
2.772356607421799
2.772525761554709
2.772704015593332
2.772840829144913
2.772984284757904
2.773179630800666
2.773438950929201
2.773837691298007
2.774422548988794
2.775067105237611
2.775895380181610
2.776969163554857
2.778662527416563
2.780782758291502
2.782769061017193
2.784984365683138
2.787350976445969
2.790194450796302
2.793599832614324
2.796957863052212
2.800130197580844
2.803156750149516
2.806405990147243
2.809959533619278
2.813864281958494
2.817770418850830
2.821285592251804
2.824712749645538
2.827834208128229
2.830659540602974
2.833235431743069
2.835367367055273
2.837297197534075
2.839036781862773
2.840430112241705
2.841548556120689
2.842534202508911
2.843370577441067
2.844056668641563
2.844569800238499
2.844950042882805
2.845317184076321
2.845567756712093
2.845770489041528
2.845983055966076
2.846210839136567
2.846453018298973
2.846620054623611
2.846696955586923
2.846768652223867
2.846831898771748
2.846849396029590
2.846859648380093
2.846878862499636
2.846920167293387
2.846967356931729
2.846995861142909
2.847041685832447
2.847201630982425
2.847467710284384
2.847723132350711
2.847919983413625
2.848158787653632
2.848604017820034
2.849370138062028
2.850325393664517
2.851406443806247
2.852802614932345
2.854375838282634
2.856092637032909
2.857948541984357
2.859977424416135
2.862193626893726
2.864355772355063
2.866204480107291
2.867760122070982
2.869287682448587
2.871029367498173
2.873026159368537
2.875066710642248
2.876874302582940
2.878424203649321
2.880161939619062
2.881729130573753
2.882914851886458
2.884269102309189
2.885628194904319
2.886817060946938
2.887849498557268
2.888732367791172
2.889497366698200
2.890063957798408
2.890556154300002
2.890968355637149
2.891289238076781
2.891540979701642
2.891768076908521
2.891962254266568
2.892088364619144
2.892213604386320
2.892335459027868
2.892419423086810
2.892504288834875
2.892586075552505
2.892630585963327
2.892677182289838
2.892720370222288
2.892749173813608
2.892780015887793
2.892824034839302
2.892869455781678
2.892974074728460
2.893153499074108
2.893437729515621
2.893818777925012
2.894183697671241
2.894498908433875
2.894778479466992
2.895281349454809
2.896089258107183
2.896942363882594
2.897728219736343
2.898442686926629
2.899270255594661
2.900096394832885
2.900903838953182
2.902038587640149
2.903212637835713
2.904360115347447
2.905654644417367
2.906946189713238
2.908210518681463
2.909450819059802
2.910676331172063
2.911894283173642
2.912944661961104
2.913981017163585
2.915186069607811
2.916245475879320
2.917133996524102
2.917889674252905
2.918525739378015
2.919070049422118
2.919609196036042
2.920241899132904
2.920885609178069
2.921541558461534
2.922079313601042
2.922495302105800
2.922836486999314
2.923111701560721
2.923384072870882
2.923638368522720
2.923826430466474
2.923961623613315
2.924097729799878
2.924288571886857
2.924560101627249
2.924772934126805
2.924900132095044
2.925021761759965
2.925143364985935
2.925334655761691
2.925736501685588
2.926312963425595
2.926895823871300
2.927309026111238
2.927513059523703
2.927788068638542
2.928122459396477
2.928374307960766
2.928622346880315
2.928967893801149
2.929434602361502
2.930063635091875
2.930849293814120
2.931626168134704
2.932349928816860
2.933188652133313
2.934023485424827
2.934835448262156
2.935783932331315
2.936741266971536
2.937684456674406
2.938611547766234
2.939386065801292
2.940143283988154
2.941043117970925
2.941963386450311
2.942888809601317
2.943666680192815
2.944426244228646
2.945328887354921
2.946251834161561
2.947033226768597
2.947662797061981
2.948287527541275
2.948913013103401
2.949541989566173
2.950176674862294
2.950816519510541
2.951344370970693
2.951864787816815
2.952386099792833
2.952911406257841
2.953563462479371
2.954110714393701
2.954642197987836
2.955171242455323
2.955588115532878
2.955922763273218
2.956187199207439
2.956409775248471
2.956626916227255
2.956881481314497
2.957134544009012
2.957395220987210
2.957761440512563
2.958253330515169
2.958647215713160
2.958906863785450
2.959241115003147
2.959681669329821
2.960141508324208
2.960597323148262
2.961041549955686
2.961476463000555
2.961905916294925
2.962332680674969
2.962758341777333
2.963183699097475
2.963734189432787
2.964299449032648
2.964860261387779
2.965706022763209
2.966762520944326
2.967825292890987
2.968831692307683
2.969787644305752
2.970714337053030
2.971802451076420
2.972903950259372
2.973996672519042
2.975077144374330
2.975980814149111
2.976867707559294
2.977755201994719
2.978647452065288
2.979545433150465
2.980448131377859
2.981353781915766
2.982260849047595
2.983028264225124
2.983655121698279
2.984280821021480
2.984906247314333
2.985352537596674
2.985709560922523
2.986140215204475
2.986555752577405
2.986976705832789
2.987403519952265
2.987740537099399
2.988070213321235
2.988493765840558
2.988834365156106
0.000333098335079
0.000332988860793
0.000246795485913
0.000245517128091
0.000337783791555
0.000347452095810
0.000256060336800
0.000246658937394
0.000341285219416
0.000459595451281
0.000373890265535
0.000472414002003
0.000731132870791
0.000632228911019
0.000574841287586
0.000677461810582
0.000682612130069
0.000671090927307
0.000658755061490
0.000650550468299
0.001296679681191
0.001940797860105
0.002584216386699
0.003377379415564
0.004543634005866
0.005764760661856
0.006761865624752
0.007686573546075
0.008590286702115
0.009489432454394
0.010251656684541
0.010878243805395
0.011408474922242
0.011939121345591
0.012459937932465
0.012981809670906
0.013507608159345
0.013924906195833
0.014338513360288
0.014753234387103
0.015084327605128
0.015414110760843
0.015743358588852
0.015989410868426
0.016235578059728
0.016481069717209
0.016727544148365
0.016976441169246
0.017162414573985
0.017290692867773
0.017400183018620
0.017493318158235
0.017589027964976
0.017680291215746
0.017854123172686
0.018267290974762
0.018973585039923
0.020141385148242
0.021630089973313
0.023412122176403
0.025458331718946
0.027866514557931
0.030365975555441
0.032944965452349
0.035923524162583
0.038834394326780
0.041591623160079
0.043979267044509
0.046043029664746
0.048079932240869
0.049912949219725
0.051374438252866
0.052673176388362
0.053649010817557
0.054362916229919
0.055162505972266
0.056126428658236
0.057287334862983
0.058437035992613
0.059902806913264
0.062303437463654
0.065455427792563
0.068828908128358
0.072655996083275
0.077173638689206
0.082161199084656
0.087592634941064
0.093549600643908
0.100133548666677
0.107434769953224
0.115021061051387
0.122840832391185
0.130931878321112
0.139368466109000
0.147696552719003
0.154962849254698
0.162049085287909
0.169547282001910
0.176667919517877
0.183343464442326
0.189239877933001
0.194382498098366
0.199201694027968
0.203405787035776
0.207050196209694
0.210185158621482
0.212549028419479
0.214449502336558
0.216098789076580
0.217309186688436
0.218346908150882
0.219155439173419
0.219842299510784
0.220653782586186
0.221667592590835
0.222732499964791
0.223500638063871
0.224044968609030
0.224539965664600
0.225085596641536
0.226081888738349
0.227298787205289
0.228261998494475
0.228931899914409
0.229412104055283
0.229884449447791
0.230356115471693
0.230738457119547
0.230976358804471
0.231254805447519
0.231797371016896
0.232509829510085
0.233178508687413
0.234009057805106
0.235040142758432
0.236107656842264
0.237586007772668
0.239445404557734
0.241436765894087
0.243747945639866
0.246510008411737
0.249797670759562
0.253659078470942
0.257401837449309
0.260888685699042
0.264511723468232
0.268413923284778
0.272636197848584
0.276840963840596
0.280973564268274
0.284725038546911
0.288104288243437
0.291456082948029
0.294817488550724
0.298198975452351
0.301315817650807
0.303904512321884
0.306243442982428
0.308373373734428
0.310115597335228
0.311538172735270
0.312807405520291
0.313908112997067
0.314740115601529
0.315386072143027
0.315904362417750
0.316345563638931
0.316679667268169
0.316912872536390
0.317145374323286
0.317439123747445
0.317744602687286
0.317947938548105
0.318092644416380
0.318334290129162
0.318576509926880
0.318759940488172
0.318901752699513
0.318952197786540
0.319004084829328
0.319055131213086
0.319105402056762
0.319197775855672
0.319338667260795
0.319599719630241
0.319946524650764
0.320494535177232
0.321282009472656
0.322199528226971
0.323171206170999
0.324034130036941
0.324950197889301
0.325991820730332
0.327206061812283
0.328598732998871
0.330190680945262
0.331976703464278
0.333725749859834
0.335398627873205
0.337246385738869
0.339326641838660
0.341411999916483
0.343458029563404
0.345466216441152
0.347450226098167
0.349206977225104
0.350940245561112
0.352675489740786
0.354419988347888
0.356395199104226
0.358180153628651
0.359728978001667
0.361259821615653
0.362614468172261
0.363655746633966
0.364567277751748
0.365363988687889
0.366034372200961
0.366597093464300
0.366998990559680
0.367343039486213
0.367622995091355
0.367831264602524
0.368006209046835
0.368143944435205
0.368266960783690
0.368388743465856
0.368512530989555
0.368637655188930
0.368721433344598
0.368776527416076
0.368853438887854
0.368917390302675
0.368958974381626
0.369055035110802
0.369162471875287
0.369214845073875
0.369301497232722
0.369539363278207
0.369912235978006
0.370291732755599
0.370739919563063
0.371285625453811
0.371813726524348
0.372435521492891
0.373186699470839
0.373930454539920
0.374634974554323
0.375307862851398
0.376115245625996
0.377288360216680
0.378712765819811
0.380361133590920
0.381968230905085
0.383481107448277
0.385137090198779
0.386782353245594
0.388398306730532
0.389797225106624
0.390984931182112
0.392164203897807
0.393194434601524
0.394224877848384
0.395257338525848
0.396140151707987
0.397021936548583
0.397907844387485
0.398664761339712
0.399291121076211
0.399821084921148
0.400351112087375
0.400871677932928
0.401285470684701
0.401699234165610
0.402113248114723
0.402392497182325
0.402573999633062
0.402777714847610
0.402942995476982
0.403075872611461
0.403162358315494
0.403219486586674
0.403278899419483
0.403327998893004
0.403415264321669
0.403565767503359
0.403828388069703
0.404100501103914
0.404260540229175
0.404386891165765
0.404508439156290
0.404629765324402
0.404824974703190
0.405115035364490
0.405422444976823
0.405715184376521
0.406238236179457
0.406911559997522
0.407442366527659
0.408032980092398
0.408748996817549
0.409467235025517
0.410319828959432
0.411335958714228
0.412350988195343
0.413326491314255
0.414267569349832
0.415188396739255
0.415959123298005
0.416715119543426
0.417613805372472
0.418533180816368
0.419458321183041
0.420379712544430
0.421295432220172
0.422206729814763
0.422975206984319
0.423731403960614
0.424631022147373
0.425551698058911
0.426332403006725
0.426961937007120
0.427586657760237
0.428108263020865
0.428531659702181
0.428954852258103
0.429370467203817
0.429785176868703
0.430204115750768
0.430627481907464
0.431053429841370
0.431389360847024
0.431638569422776
0.431890218886013
0.432226501393619
0.432567905365560
0.432821445523146
0.433009052906157
0.433197200510217
0.433546577939238
0.433918450505913
0.434193322268166
0.434446439438541
0.434633149715650
0.434905354763224
0.435367405623371
0.435762593967395
0.436127225785760
0.436477078459158
0.436818965150301
0.437393477370401
0.438004074377493
0.438601862875274
0.439174430234680
0.439726062680140
0.440555862596834
0.441594323587609
0.442645306976563
0.443646713609653
0.444601202394310
0.445527726269395
0.446300145778056
0.447056269845436
0.447954770135286
0.448873760145993
0.449798546385145
0.450719714940681
0.451493446330823
0.452251156727345
0.453151981932274
0.454073413539883
0.454854237161356
0.455616683867364
0.456522710535651
0.457448820553909
0.458377337876681
0.459156179929911
0.459688290055512
0.460222644584062
0.460854554162069
0.461489906739233
0.462136820617644
0.462788178457772
0.463321532219985
0.463737197756542
0.464152774932155
0.464680157031613
0.465217736821087
0.465644093443633
0.466060789003288
0.466392492607129
0.466722854509949
0.467143202069002
0.467576480363567
0.467919629080261
0.468167645067778
0.468416008266418
0.468662594248881
0.469002621544046
0.469463023760492
0.469947716225281
0.470419996871417
0.470872063757121
0.471309892627444
0.471866322031929
0.472433942566431
0.473151610405554
0.474192175065595
0.474969786885348
0.475510196865411
0.476285620576710
0.477084248291050
0.477740063588246
0.478375920340290
0.479154388389974
0.480106489128725
0.481083986485516
0.482046007530802
0.482838496941858
0.483600940947388
0.484360976643111
0.484988822131838
0.485750867303306
0.486524944900634
0.487164581801602
0.487794417661407
0.488425035340999
0.489059101112702
0.489697132644731
0.490338335458058
0.490981478647993
0.491625530491008
0.492269857416337
0.492914161727671
0.493558350135288
0.494087264460146
0.494502993539540
0.494919500716788
0.495333708512204
0.495748403013686
0.496167015997621
0.496500105709107
0.496829494835413
0.497159140087487
0.497405241640329
0.497739391154509
0.498181604998934
0.498542590978379
0.498739753721022
0.498936079786230
0.499187881022721
0.499437685343237
0.499796803583723
0.500286391280602
0.500681526023561
0.501035108149918
0.501476617084958
0.501927344682655
0.502372905405906
0.502810338617879
0.503241737010575
0.503795417458689
0.504497949595298
0.505385728153642
0.506278623777905
0.506974385387269
0.507619838077354
0.508254976920356
0.508889656351070
0.509674143755284
0.510636823014964
0.511623791391580
0.512439148470788
0.513211809213154
0.513977164424493
0.514742913556291
0.515511099404014
0.516143724236802
0.516596812831001
0.517055511900308
0.517581277610986
0.517995065808884
0.518409455474310
0.518826290044134
0.519369623424628
0.519829839309610
0.520162511424585
0.520579039019896
0.521128824719131
0.521699982030700
0.522053922093353
0.522383325884987
0.522659944229657
0.522865660266828
0.523124313350601
0.523468858177512
0.523830670138866
0.524096589636992
0.524346219493054
0.524689753330687
0.525151666009658
0.525633229882925
0.526101572849377
0.526551038386738
0.526987554130215
0.527417204755397
0.527843744453060
0.528269127006650
0.528694269138437
0.529244578472402
0.529945460559656
0.530665232280638
0.531236806675610
0.531769421423204
0.532416481907348
0.533077944242600
0.533739607923768
0.534395633349246
0.535046153967238
0.535577243684719
0.536097681488098
0.536736215686081
0.537184588472529
0.537520820801485
0.537940349332796
0.538356574263444
0.538904311692693
0.539609485749268
0.540336852140213
0.541041428283727
0.541595966210388
0.542121184774072
0.542762512431623
0.543298323759951
0.543714609799246
0.544238514140928
0.544768784895402
0.545189356262562
0.545603952992181
0.546019382593374
0.546437392660883
0.546769901170491
