0.316511107222888
0.413277963990835
0.378506173717189
0.307631942995444
0.234223001066625
0.167565175330849
0.111588841171449
0.068626240943268
0.040716959250681
0.011590858262375
-0.017657699971882
-0.036525565064479
-0.065024624234934
-0.088709468215755
-0.104865437949207
-0.123542704409287
-0.139850463420310
-0.151090711125397
-0.152282006491351
-0.156332272553383
-0.154989135765204
-0.148609251498146
-0.147543574612181
-0.132284225906038
-0.122487858043470
-0.108934343720536
-0.090764044130052
-0.073164287927609
-0.053484448336466
-0.034741920254737
-0.018088512565143
0.001333969861395
0.016410734978861
0.038180021922570
0.057568688693196
0.079337048561637
0.092232462990795
0.105891557658456
0.116213406490379
0.125680648139374
0.140422992458777
0.153020708837874
0.159864865911653
0.165138713499855
0.166479591712997
0.172175592535774
0.171577971238318
0.169139194246993
0.167716314963697
0.167968515338337
0.160358841055728
0.155219078721205
0.143548985193263
0.130421074332271
0.123422699001155
0.115372522355341
0.107057651738143
0.089965086962582
0.075035700719730
0.062831586927122
0.052330649105665
0.042695065242001
0.024123305692476
0.007171653419754
-0.007568169347988
-0.016324104347301
-0.027510514214453
-0.044985568590605
-0.055224099555220
-0.066626336476518
-0.074561498502262
-0.076738228969763
-0.077781662209024
-0.084618926788466
-0.085311079443979
-0.083836012211748
-0.078352426706368
-0.077344713457363
-0.070194575966304
-0.061320615561412
-0.048899701435111
-0.041287843784270
-0.032361456070576
-0.027972468517405
-0.016604630067506
-0.007254690992931
0.009392223231596
0.018876088496077
0.028847076025907
0.034620749360986
0.043369901613457
0.058378886052934
0.070573785043608
0.075987685470204
0.083618140977767
0.083676544590585
0.090544681516236
0.096649146112278
0.097511228470227
0.096874505563058
0.101477873825877
0.099480768503988
0.104295984557738
0.103390744934001
0.100004588057733
0.096775448042000
0.089904763180986
0.091750395585001
0.088456137535604
0.082649985936559
0.072139775897410
0.070129898194015
0.067744740119062
0.059957125364900
0.045739224203618
0.044238331542017
0.044039658618756
0.033727710109997
0.024078242063252
0.011400619181769
-0.001775397883314
-0.009408111241329
-0.014390116795745
-0.018876693151251
-0.023732668471039
-0.029139548891768
-0.034997533259018
-0.041141851467246
-0.042799327753950
-0.042978877651918
-0.043533034191771
-0.044971976250865
-0.047208518606145
-0.040711806134581
-0.036069497444851
-0.029180869003337
-0.026845524472266
-0.022494077156987
-0.017399110354000
-0.017253452565405
-0.005316859300086
0.001826284729899
0.005374895921551
0.016878492800822
0.022016281666545
0.028252742182071
0.035297900930759
0.037768429324795
0.043129525646376
0.054788028784807
0.054430654420586
0.058181445663295
0.055617848902495
0.060127230883283
0.059092384409476
0.060307971987516
0.058624207869153
0.065314906492074
0.066261045223644
0.064178902149086
0.061690932744359
0.059792041085052
0.058643225256397
0.058079809828815
0.057876216669366
0.053217534713161
0.047089477696153
0.045969015354797
0.042630431136178
0.038185745426985
0.038379730686005
0.031214680218034
0.025637141516413
0.017075513245777
0.017021581035332
0.011390379155971
0.002860839273971
-0.001360236604178
-0.008050925338823
-0.011241617203458
-0.012837659282227
-0.014356663198953
-0.016328407736084
-0.018798114597868
-0.017001160906521
-0.018519866659923
-0.017407027241285
-0.015322499783313
-0.013520359862298
-0.012337585453880
-0.007071723053154
-0.005272401192383
-0.005572218903133
-0.006486442073501
0.001929620357193
0.004418056001355
0.003367739485692
0.006075059392355
0.010587027796078
0.015308934115283
0.019646511687766
0.023513052132273
0.027016781952331
0.030299568002970
0.038107881362202
0.038143241931275
0.039372222695225
0.037344657455333
0.039037610098106
0.042818287694104
0.042481876608826
0.045085670783910
0.044616319195879
0.038205520417518
0.044242900802703
0.041869324841781
0.044475378836624
0.040470857001158
0.038304375403773
0.033164895289926
0.031826243467642
0.032564290430030
0.029146900647649
0.023998721075210
0.023485306934830
0.020452300960109
0.016123397145716
0.011701304045735
0.007615233168688
0.008545470716677
0.006663130516055
0.003051758344625
-0.001006616820026
-0.004953200718767
-0.003999069158186
-0.005903118400521
-0.000275752734186
0.003348674790034
0.004831591744568
-0.004102740129883
-0.007321845135931
-0.006860359289667
-0.009937566816834
-0.005369113779281
-0.002456945312262
-0.005997604130929
-0.002731793990528
-0.001023350298491
0.008520031668079
0.006672819987718
0.008655815598527
0.013094848426207
0.017982824551701
0.022517995295216
0.021900424212526
0.019324057382751
0.026112728928922
0.027459450505868
0.025762362990794
0.028176775757742
0.027964773491504
0.031155068397198
0.031255847202988
0.029878311299481
0.033042535065690
0.028871075499594
0.030978565762935
0.031689758513065
0.031310865945443
0.035312613329388
0.031680844429403
0.029436563843748
0.028726012147146
0.024100485659033
0.027445854170899
0.024965264437929
0.019506407112064
0.018355783818342
0.014762028269657
0.014695965737922
0.016244587608219
0.017881884923298
0.014437197663344
0.008959927428891
0.012747081343125
0.011012011719227
0.006183043007111
0.005440166165068
0.006695802470248
0.003619090796505
0.003287892442421
-0.000247554185726
0.004107949797681
-0.002318166404000
0.000337043150268
0.002789371445083
-0.000591303376731
0.002995094641955
0.000349744772555
0.008542518665287
0.007158228562473
0.005440875589406
0.013797945367524
0.011858653899749
0.009507510388546
0.008119705455009
0.012092896253467
0.018037990375430
0.019196782111288
0.018001824315844
0.021002783326241
0.021234686826649
0.020057208969428
0.018751574224159
0.022418112100855
0.023381213663140
0.022743872369452
0.021757160547864
0.025575767380769
0.026590860930993
0.030591594697007
0.026492759034326
0.028396350735993
0.028870599115386
0.028312736858253
0.027572345290833
0.017717242101890
0.018915708722058
0.016360280418105
0.020810443901783
0.023424805569789
0.014978394389271
0.011889948699282
0.012324600324213
0.013810409363179
0.015214804152607
0.016182881956253
0.016723097927351
0.012328230707105
0.010861361135704
0.015851436963772
0.008979521275033
0.010957624596628
0.008218077790947
0.012215573128035
0.005149984597593
0.002623222735086
0.003182101580162
0.004609708706211
0.010546553809114
0.008329178982409
0.006913208247736
0.011228435855353
0.012905006128246
0.017429639791018
0.018290784120608
0.012625555943592
0.009726413544036
0.018281994548529
0.016944822495141
0.019790011298506
0.020323121310383
0.014877191756493
0.016951123761608
0.018053370565328
0.018093565901327
0.022401692598632
0.018949376236302
0.016789842042964
0.020742373918553
0.022289225807172
0.022165128310021
0.026153266102469
0.027056808474837
0.026249836094231
0.020471425617833
0.018011885496240
0.017794440382650
0.018389869391824
0.019083593749865
0.019608096337536
0.015288556415241
0.013905506199682
0.014323139631848
0.015221084988659
0.020652711207782
0.018085459014750
0.016473460859847
0.016066511803384
0.016180954920678
0.016436362161591
0.012029809511411
0.015280647663429
0.012628259811117
0.016291186682758
0.013482190073086
0.012209328683488
0.012236914431723
0.012691203929675
0.013155805960403
0.013488516899288
0.013680217949672
0.013768936878353
0.009162700991483
0.012260993430413
0.009516254505376
0.013133855240050
0.014943140501473
0.015204728492566
0.014872720704381
0.014438987715882
0.014097594412468
0.018521202203403
0.015316897703887
0.013377434553863
0.012841906093547
0.012931712440490
0.013204407624636
0.013458806439917
0.013632982404195
0.018364286479330
0.015308554398044
0.022690557549109
0.020597824336168
0.023047289926522
0.023420244722866
0.017939563549284
0.020030789503614
0.021162691362829
0.016593351486143
0.019381390410019
0.016300722732575
0.015036983460230
0.019799587283057
0.017257195902216
0.015894781761509
0.015739837862339
0.020668370491083
0.022563056629904
0.017840789135592
0.020214325769611
0.016752455906419
0.015229690869837
0.019849566711261
0.017244902358802
0.015865251472879
0.015713147502861
0.011381036284954
0.010211063780307
0.010855139849078
0.011918032997109
0.012811315920715
0.018022368898991
0.015226617467178
0.013450032240640
0.012947806163988
0.013017896807270
0.013258895525640
0.013486825886849
0.013643991382040
0.013731717873771
0.013770676179605
0.013781982726404
0.009146067624733
0.012239283601890
0.014133855757072
0.014659699802791
0.009940115602658
0.008139370755888
0.012889767558124
0.010514165218337
0.013964476922775
0.015475877365213
0.020117380281252
0.021155635516322
0.020270748690696
0.014366038938144
0.016435499538832
0.017686452888146
0.013248559873359
0.016133898961054
0.013110772668540
0.011874521615914
0.016646559566923
0.018739502738268
0.018911017567986
0.018390236633202
0.017789724710647
0.017337487841920
0.021701239991891
0.018471561062730
0.021160326191704
0.017528267291419
0.015722614203288
0.010834963865361
0.014273029597060
0.016611435135710
0.012850230059102
0.011443135331082
0.016283723066179
0.013870592634670
0.017251611710584
0.018703285582536
0.014036290074590
0.016615574391203
0.013349821935915
0.016597509973827
0.013560467047351
0.012188567691443
0.002919724587840
0.000306089462367
-0.003123776570366
-0.007164501549949
-0.011153353807830
-0.014883892671043
-0.013727667646141
-0.015493157260566
-0.023692885952467
-0.024643724912140
-0.026696699491777
-0.029857199444008
-0.033388271811130
-0.041570289543266
-0.041912421657680
-0.043336435771559
-0.036775052519692
-0.032336920397206
-0.034952235693866
-0.031231421910034
-0.029357751757306
-0.024428830378575
-0.013942536314385
-0.007029660841880
0.001814431946573
0.006351255634936
0.008631430230665
0.015048656562250
0.018602970439206
0.025304372826511
0.033363821636209
0.036736824496143
0.038065440449919
0.043879256420890
0.047122319345731
0.049066123005191
0.055565018673492
0.059316962472639
0.061562506741182
0.063571314920135
0.061202112652385
0.066912725638610
0.062431092956105
0.062947682131809
0.062103255920348
0.060633691009385
0.054748542421401
0.052399179132320
0.052332331005744
0.053048000557265
0.049182107159873
0.043573619085432
0.038095353867620
0.033335460489809
0.033915979508492
0.036528825812151
0.025155904793897
0.022313187067902
0.015129229672323
0.005912456784756
0.006128367119213
0.005632309927966
-0.005563737613884
-0.011401221323014
-0.013835593235371
-0.015344152654915
-0.012390065849774
-0.017657877423771
-0.022179297905845
-0.021004273699065
-0.017851079973266
-0.019589793577925
-0.014525129323325
-0.011542871075221
-0.010541625593732
-0.005859611420540
-0.004608558140814
-0.005285039519129
-0.001774152639783
0.003450963030036
0.008648049508808
0.008608150788324
0.015682385938717
0.016479009065930
0.023382073091577
0.028355199550336
0.031739323850994
0.034527429640336
0.032590407475485
0.038491265117881
0.038698263871704
0.040743925708487
0.039510780182397
0.041759296104018
0.041219167621189
0.039488002130028
0.042497645542899
0.042917861107766
0.041933889538029
0.040767129127457
0.039879139714994
0.034708330694708
0.037544286953930
0.039349352260299
0.035233158518071
0.033634106251460
0.029123786848042
0.023616973953116
0.018460187561353
0.018636290654941
0.016325328414951
0.017153694672906
0.009936999831070
0.004093522479565
-0.000093531020376
0.001206550407218
-0.000256284136142
0.001080933352342
-0.005888558745037
-0.002374944463756
-0.008115017613419
-0.009097505496816
-0.007371068683325
-0.005241949387433
-0.003598425788569
-0.002595995255569
0.002534793919590
0.004253523363647
-0.000719881326770
0.006085225603112
0.004031867584711
0.002080573841368
0.005782628731926
0.006998618342725
0.011247850014245
0.011975722182298
0.010898242094817
0.014165786766135
0.014636466313113
0.022888280422700
0.024742432089541
0.027720149667619
0.031543179129219
0.030821444121893
0.028374503149267
0.030698303796109
0.030642469099462
0.029391254343648
0.032739586960765
0.033352607834834
0.037091192469956
0.037488032227734
0.031601310572263
0.028626367493034
0.027907565521793
0.028152378537175
0.028648014011204
0.024448436751233
0.023200157868568
0.023718254282927
0.020041244405238
0.019330494609940
0.020234539586527
0.021415062153676
0.022344124955538
0.018283804695341
0.012401192039405
0.011336695851670
0.007974432281373
0.003486339523223
-0.000991716830894
0.004186427618576
0.003568123922732
-0.000561066062351
-0.000947408541849
0.000446157075020
-0.002605883764031
0.001677223861913
0.004283363840786
0.005153592348427
0.005190008086959
0.004937072312143
0.004661086517619
0.009092473831793
0.010509101713134
0.010089099203272
0.009177457884754
0.013001706896928
0.013997589170954
0.013341715327022
0.016959399531935
0.017654331645234
0.016753621398730
0.015581864806152
0.019295514183839
0.020262997575214
0.024249161222828
0.024785729071100
0.023596662218478
0.026811774927859
0.022630387325780
0.024710510473889
0.025396478265260
0.020365740823934
0.022821617846770
0.024183434580742
0.029001361202911
0.025638948128873
0.028037441018682
0.024147001197581
0.017534210750249
0.020286032163642
0.017850715148531
0.017272184130753
0.017899035368335
0.018746244128375
0.019420326496374
0.015205488449374
0.013881637769183
0.014326014479827
0.010597378603076
0.014492111456049
0.012284678199476
0.011561754647603
0.007327138863301
0.011084363150459
0.013537341611176
0.009788941387194
0.008356900392616
0.003897820372777
0.003023302355026
-0.000616700944227
0.003811382194781
0.006765287484225
0.007949769896773
0.003563010446458
0.006523903076059
0.008197169245492
0.008536426843164
0.008330899637094
0.012637805014603
0.013901043929881
0.013362671039844
0.017013531414500
0.013069101635610
0.015250701348804
0.015963294197267
0.020195771211463
0.025709137877918
0.026330958495760
0.024720266312603
0.027467123801367
0.027572979420525
0.021714295693499
0.023500556239522
0.024440745431486
0.024408083247199
0.024059711342113
0.028341962481658
0.029627240009621
0.024485411236023
0.026625070754357
0.023059526395170
0.021506813979040
0.026130113087606
0.023539030611758
0.017537717156594
0.015858249843959
0.016528937135912
0.017789909904034
0.014246209671143
0.018060842338649
0.015708040602891
0.010225591150887
0.009007641742135
0.009986235971583
0.011414070240243
0.012576157331550
0.008676205103430
0.012152324421670
0.014200232372974
0.010123316998784
0.003849365705493
0.002382251065606
0.003365565024523
0.004881617907787
0.006134139208566
0.006933702446403
0.007348929032617
0.012149400439970
0.009085226663275
0.011800618418526
0.017410370853662
0.018639883430305
0.017630792197707
0.016167283987735
0.019612868192132
0.015763608105120
0.018113093630657
0.018968976153401
0.018660096002463
0.018051812477682
0.017520631395795
0.021804642778061
0.018518185278646
0.016539703629146
0.020625626690085
0.022251079719619
0.022164370539180
0.021530543916209
0.020898449627471
0.020451063524377
0.024830433007916
0.026250105415060
0.021215983838049
0.023423053754315
0.024526495992692
0.024523430163342
0.019516667694697
0.017593210485105
0.017676937919741
0.013772593310890
0.017604627009254
0.015390537963565
0.010046948682687
0.013562142848470
0.016133413732498
0.012589303175606
0.015965475215031
0.013155496215497
0.011977472333685
0.012104302015470
0.007995714688920
0.011600314151502
0.013851973606760
0.014579304207281
0.009950496199390
0.012811758034200
0.014462026117463
0.010175919217617
0.013086080307637
0.010038101265323
0.008767630799277
0.013512286176350
0.015588108872984
0.015750921042046
0.019861470675234
0.016162090627738
0.013810919023307
0.017646166469075
0.019134755083920
0.018989097177112
0.018339540806368
0.017710746949929
0.021906745720744
0.018561123018117
0.016550354677675
0.020622381647396
0.017609450426229
0.015987123074057
0.015718391163948
0.015980447815536
0.016343609980691
0.016634782580322
0.016817070489926
0.016909857779587
0.016945696074522
0.016952056625205
0.016946709937572
0.021573691078618
0.023103848667953
0.018102186558864
0.015671492435422
0.015224466718712
0.015570799941651
0.011446782121930
0.010327223477985
0.006319631512113
0.010446236753174
0.013208585486310
0.009659374403571
0.008331665201239
0.013184182447480
0.015391639983197
0.011021004998217
0.013656734861488
0.010350781788535
0.013537670835977
0.010450653628924
0.013681640269230
0.015202110659907
0.019926393900898
0.021047956931196
0.015587602605021
0.017449769728586
0.013701283893882
0.012050529226359
0.011998043533645
0.012495148241497
0.013031174418862
0.013424067618018
0.013654661673645
0.018398511145527
0.015337003345110
0.018074104426648
0.019070924384890
0.018779462098807
0.018142230022382
0.017575032808908
0.017196472798404
0.021625932804254
0.018440156995073
0.021152746941965
0.022165544582100
0.021898941090545
0.021282295397755
0.016093575419061
0.014185456274835
0.014346009707256
0.010516667098844
0.014401244952607
0.016851570360591
0.017692512773636
0.017750471926551
0.017529796274362
0.017280255824308
0.012459072937089
0.015446255764964
0.017292170366156
0.017802711464868
0.017718116579647
0.017459210225061
0.017217450967358
0.012417164387571
0.015423540811496
0.012647804629450
0.011629118680540
0.011910690452455
0.012544916523284
0.013112284871807
0.008857344215497
0.007527341010506
0.012613391008419
0.010430506020876
0.013969613060389
0.015509201626456
0.010881052338241
0.013471463379791
0.014839013875697
0.019617946089107
0.016212945050118
0.018580054523332
0.019305803023747
0.014220617333473
0.016606406141621
0.013278638848956
0.016526330959964
0.013510023841862
0.016794434640794
0.018346988046180
0.018452190106943
0.018042897252899
0.012946151688877
0.011064643805160
0.011222205735468
0.012015530914306
0.012790296122531
0.013333167627425
0.013640378597920
0.018414001764401
0.015357934892811
0.018090757517010
0.019081296141741
0.018784712713095
0.022778923203110
0.019111777377599
0.016833118242260
0.020733220292883
0.017630527273832
0.015972052866920
0.015695626947750
0.011327058639946
0.014795306286479
0.016991662439629
0.013072210039818
0.016182234531609
0.017854824486324
0.018143522010514
0.022520170774725
0.019056248646666
0.016861702712706
0.016146913081967
0.016135024202829
