87.708069324999883
86.443420758000002
83.914123624000012
81.384826490000023
76.326232221999930
68.738340819999962
59.885800850999999
51.033260881999922
43.445369479999954
33.328180943999996
23.210992407999925
15.623101005999956
4.241263903000004
-4.611276066000016
-12.199167467999985
-21.051707437000005
-28.639598839000030
-34.962841674000060
-38.756787374999988
-43.815381643000023
-46.344678777000013
-47.609327344000007
-50.138624478000054
-47.609327344000007
-47.609327344000007
-45.080030210000018
-41.286084509000034
-37.492138807999993
-32.433544540000014
-27.374950272000035
-22.316356004000056
-15.993113169000026
-10.934518900999990
-3.346627499000078
2.976615336000009
10.564506737999977
15.623101005999956
21.946343840999930
27.004938109000022
32.063532377000001
38.386775211999975
43.445369479999954
47.239315180999938
51.033260881999922
53.562558016000025
57.356503717000010
58.621152284000004
59.885800850999999
61.150449417999880
62.415097984999875
61.150449417999880
61.150449417999880
58.621152284000004
56.091855150000015
54.827206583000020
52.297909448999917
49.768612314999928
44.710018047000062
40.916072345999964
37.122126644999980
33.328180943999996
29.534235243000012
23.210992407999925
18.152398140000059
13.093803871999967
9.299858170999983
4.241263903000004
-2.081978932000027
-5.875924633000011
-10.934518900999990
-14.728464602000031
-17.257761736000077
-19.787058870000010
-23.581004571000051
-24.845653137999989
-26.110301705000040
-26.110301705000040
-27.374950272000035
-26.110301705000040
-24.845653137999989
-22.316356004000056
-21.051707437000005
-18.522410303000015
-17.257761736000077
-13.463816035000036
-10.934518900999990
-5.875924633000011
-3.346627499000078
0.447318202000019
2.976615336000009
6.770561036999879
11.829155304999972
15.623101005999956
18.152398140000059
21.946343840999930
23.210992407999925
27.004938109000022
29.534235243000012
30.798883810000007
32.063532377000001
34.592829510999877
34.592829510999877
37.122126644999980
37.122126644999980
37.122126644999980
37.122126644999980
35.857478077999986
37.122126644999980
35.857478077999986
34.592829510999877
32.063532377000001
32.063532377000001
30.798883810000007
28.269586676000017
24.475640974999919
24.475640974999919
23.210992407999925
19.417046707000054
16.887749572999951
13.093803871999967
9.299858170999983
6.770561036999879
4.241263903000004
1.711966769000014
-0.817330364999975
-3.346627499000078
-5.875924633000011
-8.405221767000057
-9.669870334000052
-10.934518900999990
-12.199167467999985
-13.463816035000036
-14.728464602000031
-13.463816035000036
-13.463816035000036
-12.199167467999985
-12.199167467999985
-10.934518900999990
-9.669870334000052
-9.669870334000052
-5.875924633000011
-4.611276066000016
-3.346627499000078
0.447318202000019
1.711966769000014
4.241263903000004
6.770561036999879
8.035209603999874
10.564506737999977
14.358452438999961
14.358452438999961
16.887749572999951
16.887749572999951
19.417046707000054
19.417046707000054
20.681695273999935
20.681695273999935
23.210992407999925
23.210992407999925
23.210992407999925
23.210992407999925
23.210992407999925
23.210992407999925
23.210992407999925
23.210992407999925
21.946343840999930
20.681695273999935
20.681695273999935
19.417046707000054
18.152398140000059
18.152398140000059
15.623101005999956
14.358452438999961
11.829155304999972
11.829155304999972
9.299858170999983
6.770561036999879
5.505912469999998
2.976615336000009
1.711966769000014
0.447318202000019
-0.817330364999975
-2.081978932000027
-3.346627499000078
-3.346627499000078
-4.611276066000016
-4.611276066000016
-4.611276066000016
-4.611276066000016
-4.611276066000016
-3.346627499000078
-3.346627499000078
-3.346627499000078
-3.346627499000078
-0.817330364999975
-0.817330364999975
-0.817330364999975
0.447318202000019
1.711966769000014
2.976615336000009
4.241263903000004
5.505912469999998
6.770561036999879
8.035209603999874
10.564506737999977
10.564506737999977
11.829155304999972
11.829155304999972
13.093803871999967
14.358452438999961
14.358452438999961
15.623101005999956
15.623101005999956
14.358452438999961
16.887749572999951
15.623101005999956
16.887749572999951
15.623101005999956
15.623101005999956
14.358452438999961
14.358452438999961
14.358452438999961
13.093803871999967
11.829155304999972
11.829155304999972
10.564506737999977
9.299858170999983
8.035209603999874
6.770561036999879
6.770561036999879
5.505912469999998
4.241263903000004
2.976615336000009
1.711966769000014
1.711966769000014
0.447318202000019
1.711966769000014
1.711966769000014
1.711966769000014
-0.817330364999975
-0.817330364999975
-0.817330364999975
-2.081978932000027
-0.817330364999975
-0.817330364999975
-2.081978932000027
-0.817330364999975
-0.817330364999975
1.711966769000014
0.447318202000019
1.711966769000014
2.976615336000009
4.241263903000004
5.505912469999998
5.505912469999998
5.505912469999998
8.035209603999874
8.035209603999874
8.035209603999874
9.299858170999983
9.299858170999983
10.564506737999977
10.564506737999977
10.564506737999977
11.829155304999972
10.564506737999977
11.829155304999972
11.829155304999972
11.829155304999972
13.093803871999967
11.829155304999972
11.829155304999972
11.829155304999972
10.564506737999977
11.829155304999972
10.564506737999977
9.299858170999983
9.299858170999983
8.035209603999874
8.035209603999874
8.035209603999874
8.035209603999874
6.770561036999879
5.505912469999998
6.770561036999879
5.505912469999998
4.241263903000004
4.241263903000004
4.241263903000004
2.976615336000009
2.976615336000009
1.711966769000014
2.976615336000009
0.447318202000019
1.711966769000014
1.711966769000014
0.447318202000019
1.711966769000014
0.447318202000019
2.976615336000009
1.711966769000014
1.711966769000014
4.241263903000004
2.976615336000009
2.976615336000009
2.976615336000009
4.241263903000004
5.505912469999998
5.505912469999998
5.505912469999998
6.770561036999879
6.770561036999879
6.770561036999879
6.770561036999879
8.035209603999874
8.035209603999874
8.035209603999874
8.035209603999874
9.299858170999983
9.299858170999983
10.564506737999977
9.299858170999983
10.564506737999977
10.564506737999977
10.564506737999977
10.564506737999977
8.035209603999874
9.299858170999983
8.035209603999874
9.299858170999983
9.299858170999983
6.770561036999879
6.770561036999879
6.770561036999879
6.770561036999879
6.770561036999879
6.770561036999879
6.770561036999879
5.505912469999998
5.505912469999998
6.770561036999879
4.241263903000004
5.505912469999998
4.241263903000004
5.505912469999998
2.976615336000009
2.976615336000009
2.976615336000009
2.976615336000009
4.241263903000004
2.976615336000009
2.976615336000009
4.241263903000004
4.241263903000004
5.505912469999998
5.505912469999998
4.241263903000004
4.241263903000004
6.770561036999879
5.505912469999998
6.770561036999879
6.770561036999879
5.505912469999998
6.770561036999879
6.770561036999879
6.770561036999879
8.035209603999874
6.770561036999879
6.770561036999879
8.035209603999874
8.035209603999874
8.035209603999874
9.299858170999983
9.299858170999983
9.299858170999983
8.035209603999874
8.035209603999874
8.035209603999874
8.035209603999874
8.035209603999874
8.035209603999874
6.770561036999879
6.770561036999879
6.770561036999879
6.770561036999879
8.035209603999874
6.770561036999879
6.770561036999879
6.770561036999879
6.770561036999879
6.770561036999879
5.505912469999998
6.770561036999879
5.505912469999998
6.770561036999879
5.505912469999998
5.505912469999998
5.505912469999998
5.505912469999998
5.505912469999998
5.505912469999998
5.505912469999998
5.505912469999998
4.241263903000004
5.505912469999998
4.241263903000004
5.505912469999998
5.505912469999998
5.505912469999998
5.505912469999998
5.505912469999998
5.505912469999998
6.770561036999879
5.505912469999998
5.505912469999998
5.505912469999998
5.505912469999998
5.505912469999998
5.505912469999998
5.505912469999998
6.770561036999879
5.505912469999998
8.035209603999874
6.770561036999879
8.035209603999874
8.035209603999874
6.770561036999879
8.035209603999874
8.035209603999874
6.770561036999879
8.035209603999874
6.770561036999879
6.770561036999879
8.035209603999874
6.770561036999879
6.770561036999879
6.770561036999879
8.035209603999874
8.035209603999874
6.770561036999879
8.035209603999874
6.770561036999879
6.770561036999879
8.035209603999874
6.770561036999879
6.770561036999879
6.770561036999879
5.505912469999998
5.505912469999998
5.505912469999998
5.505912469999998
5.505912469999998
6.770561036999879
5.505912469999998
5.505912469999998
5.505912469999998
5.505912469999998
5.505912469999998
5.505912469999998
5.505912469999998
5.505912469999998
5.505912469999998
5.505912469999998
4.241263903000004
5.505912469999998
5.505912469999998
5.505912469999998
4.241263903000004
4.241263903000004
5.505912469999998
4.241263903000004
5.505912469999998
5.505912469999998
6.770561036999879
6.770561036999879
6.770561036999879
5.505912469999998
6.770561036999879
6.770561036999879
5.505912469999998
6.770561036999879
5.505912469999998
5.505912469999998
6.770561036999879
6.770561036999879
6.770561036999879
6.770561036999879
6.770561036999879
6.770561036999879
8.035209603999874
6.770561036999879
8.035209603999874
6.770561036999879
6.770561036999879
5.505912469999998
6.770561036999879
6.770561036999879
5.505912469999998
5.505912469999998
6.770561036999879
5.505912469999998
6.770561036999879
6.770561036999879
5.505912469999998
6.770561036999879
5.505912469999998
6.770561036999879
5.505912469999998
5.505912469999998
2.976615336000009
2.976615336000009
1.711966769000014
0.447318202000019
-0.817330364999975
-2.081978932000027
-2.081978932000027
-3.346627499000078
-5.875924633000011
-5.875924633000011
-7.140573200000006
-8.405221767000057
-9.669870334000052
-12.199167467999985
-12.199167467999985
-13.463816035000036
-12.199167467999985
-12.199167467999985
-13.463816035000036
-12.199167467999985
-12.199167467999985
-10.934518900999990
-8.405221767000057
-7.140573200000006
-4.611276066000016
-3.346627499000078
-2.081978932000027
0.447318202000019
1.711966769000014
4.241263903000004
6.770561036999879
8.035209603999874
9.299858170999983
11.829155304999972
13.093803871999967
14.358452438999961
16.887749572999951
18.152398140000059
19.417046707000054
20.681695273999935
20.681695273999935
23.210992407999925
21.946343840999930
23.210992407999925
23.210992407999925
23.210992407999925
21.946343840999930
21.946343840999930
21.946343840999930
21.946343840999930
20.681695273999935
19.417046707000054
18.152398140000059
16.887749572999951
16.887749572999951
16.887749572999951
13.093803871999967
13.093803871999967
10.564506737999977
8.035209603999874
8.035209603999874
6.770561036999879
2.976615336000009
1.711966769000014
0.447318202000019
-0.817330364999975
-0.817330364999975
-3.346627499000078
-4.611276066000016
-4.611276066000016
-4.611276066000016
-5.875924633000011
-4.611276066000016
-4.611276066000016
-4.611276066000016
-3.346627499000078
-3.346627499000078
-3.346627499000078
-2.081978932000027
-0.817330364999975
0.447318202000019
0.447318202000019
2.976615336000009
2.976615336000009
5.505912469999998
6.770561036999879
8.035209603999874
9.299858170999983
9.299858170999983
11.829155304999972
11.829155304999972
13.093803871999967
13.093803871999967
14.358452438999961
14.358452438999961
14.358452438999961
15.623101005999956
15.623101005999956
15.623101005999956
15.623101005999956
15.623101005999956
14.358452438999961
15.623101005999956
15.623101005999956
14.358452438999961
14.358452438999961
13.093803871999967
11.829155304999972
10.564506737999977
10.564506737999977
9.299858170999983
9.299858170999983
6.770561036999879
5.505912469999998
4.241263903000004
4.241263903000004
2.976615336000009
2.976615336000009
0.447318202000019
1.711966769000014
-0.817330364999975
-0.817330364999975
-0.817330364999975
-0.817330364999975
-0.817330364999975
-0.817330364999975
0.447318202000019
0.447318202000019
-0.817330364999975
1.711966769000014
0.447318202000019
0.447318202000019
1.711966769000014
1.711966769000014
2.976615336000009
2.976615336000009
2.976615336000009
4.241263903000004
4.241263903000004
6.770561036999879
6.770561036999879
8.035209603999874
9.299858170999983
9.299858170999983
9.299858170999983
10.564506737999977
10.564506737999977
10.564506737999977
11.829155304999972
11.829155304999972
13.093803871999967
13.093803871999967
11.829155304999972
11.829155304999972
11.829155304999972
11.829155304999972
11.829155304999972
10.564506737999977
10.564506737999977
10.564506737999977
9.299858170999983
9.299858170999983
9.299858170999983
9.299858170999983
9.299858170999983
8.035209603999874
6.770561036999879
6.770561036999879
5.505912469999998
4.241263903000004
2.976615336000009
4.241263903000004
2.976615336000009
1.711966769000014
1.711966769000014
1.711966769000014
0.447318202000019
1.711966769000014
1.711966769000014
1.711966769000014
1.711966769000014
1.711966769000014
1.711966769000014
2.976615336000009
2.976615336000009
2.976615336000009
2.976615336000009
4.241263903000004
4.241263903000004
4.241263903000004
5.505912469999998
5.505912469999998
5.505912469999998
5.505912469999998
6.770561036999879
6.770561036999879
8.035209603999874
8.035209603999874
8.035209603999874
9.299858170999983
8.035209603999874
9.299858170999983
9.299858170999983
8.035209603999874
9.299858170999983
9.299858170999983
10.564506737999977
9.299858170999983
10.564506737999977
9.299858170999983
8.035209603999874
9.299858170999983
8.035209603999874
8.035209603999874
8.035209603999874
8.035209603999874
8.035209603999874
6.770561036999879
6.770561036999879
6.770561036999879
5.505912469999998
6.770561036999879
5.505912469999998
5.505912469999998
4.241263903000004
5.505912469999998
5.505912469999998
4.241263903000004
4.241263903000004
2.976615336000009
2.976615336000009
1.711966769000014
2.976615336000009
2.976615336000009
2.976615336000009
1.711966769000014
2.976615336000009
2.976615336000009
2.976615336000009
2.976615336000009
4.241263903000004
4.241263903000004
4.241263903000004
5.505912469999998
4.241263903000004
5.505912469999998
5.505912469999998
6.770561036999879
8.035209603999874
8.035209603999874
8.035209603999874
9.299858170999983
9.299858170999983
8.035209603999874
9.299858170999983
9.299858170999983
9.299858170999983
9.299858170999983
10.564506737999977
10.564506737999977
9.299858170999983
10.564506737999977
9.299858170999983
9.299858170999983
10.564506737999977
9.299858170999983
8.035209603999874
8.035209603999874
8.035209603999874
8.035209603999874
6.770561036999879
8.035209603999874
6.770561036999879
5.505912469999998
5.505912469999998
5.505912469999998
5.505912469999998
5.505912469999998
4.241263903000004
5.505912469999998
5.505912469999998
4.241263903000004
2.976615336000009
2.976615336000009
2.976615336000009
2.976615336000009
2.976615336000009
2.976615336000009
2.976615336000009
4.241263903000004
2.976615336000009
4.241263903000004
5.505912469999998
5.505912469999998
5.505912469999998
5.505912469999998
6.770561036999879
5.505912469999998
6.770561036999879
6.770561036999879
6.770561036999879
6.770561036999879
6.770561036999879
8.035209603999874
6.770561036999879
6.770561036999879
8.035209603999874
8.035209603999874
8.035209603999874
8.035209603999874
8.035209603999874
8.035209603999874
9.299858170999983
9.299858170999983
8.035209603999874
9.299858170999983
9.299858170999983
9.299858170999983
8.035209603999874
8.035209603999874
8.035209603999874
6.770561036999879
8.035209603999874
6.770561036999879
5.505912469999998
6.770561036999879
6.770561036999879
5.505912469999998
6.770561036999879
5.505912469999998
5.505912469999998
5.505912469999998
4.241263903000004
5.505912469999998
5.505912469999998
5.505912469999998
4.241263903000004
5.505912469999998
5.505912469999998
4.241263903000004
5.505912469999998
4.241263903000004
4.241263903000004
5.505912469999998
5.505912469999998
5.505912469999998
6.770561036999879
5.505912469999998
5.505912469999998
6.770561036999879
6.770561036999879
6.770561036999879
6.770561036999879
6.770561036999879
8.035209603999874
6.770561036999879
6.770561036999879
8.035209603999874
6.770561036999879
6.770561036999879
6.770561036999879
6.770561036999879
6.770561036999879
6.770561036999879
6.770561036999879
6.770561036999879
6.770561036999879
6.770561036999879
6.770561036999879
8.035209603999874
8.035209603999874
6.770561036999879
6.770561036999879
6.770561036999879
6.770561036999879
5.505912469999998
5.505912469999998
4.241263903000004
5.505912469999998
5.505912469999998
4.241263903000004
4.241263903000004
5.505912469999998
5.505912469999998
4.241263903000004
5.505912469999998
4.241263903000004
5.505912469999998
4.241263903000004
5.505912469999998
5.505912469999998
6.770561036999879
6.770561036999879
5.505912469999998
6.770561036999879
5.505912469999998
5.505912469999998
5.505912469999998
5.505912469999998
5.505912469999998
5.505912469999998
5.505912469999998
6.770561036999879
5.505912469999998
6.770561036999879
6.770561036999879
6.770561036999879
6.770561036999879
6.770561036999879
6.770561036999879
8.035209603999874
6.770561036999879
8.035209603999874
8.035209603999874
8.035209603999874
8.035209603999874
6.770561036999879
6.770561036999879
6.770561036999879
5.505912469999998
6.770561036999879
6.770561036999879
6.770561036999879
6.770561036999879
6.770561036999879
6.770561036999879
5.505912469999998
6.770561036999879
6.770561036999879
6.770561036999879
6.770561036999879
6.770561036999879
6.770561036999879
5.505912469999998
6.770561036999879
5.505912469999998
5.505912469999998
5.505912469999998
5.505912469999998
5.505912469999998
4.241263903000004
4.241263903000004
5.505912469999998
4.241263903000004
5.505912469999998
5.505912469999998
4.241263903000004
5.505912469999998
5.505912469999998
6.770561036999879
5.505912469999998
6.770561036999879
6.770561036999879
5.505912469999998
6.770561036999879
5.505912469999998
6.770561036999879
5.505912469999998
6.770561036999879
6.770561036999879
6.770561036999879
6.770561036999879
5.505912469999998
5.505912469999998
5.505912469999998
5.505912469999998
5.505912469999998
5.505912469999998
5.505912469999998
6.770561036999879
5.505912469999998
6.770561036999879
6.770561036999879
6.770561036999879
8.035209603999874
6.770561036999879
6.770561036999879
8.035209603999874
6.770561036999879
6.770561036999879
6.770561036999879
5.505912469999998
6.770561036999879
6.770561036999879
5.505912469999998
6.770561036999879
6.770561036999879
6.770561036999879
8.035209603999874
6.770561036999879
6.770561036999879
6.770561036999879
6.770561036999879
